Epoch: 0

|     |     |     |     |     |  8  |     |     |     |     |
|     |     |     |     |     | 19  |     |     |     |     |
|     |     |     |     |     |     |  1  |     |     |     |
|     | 11  |  5  |     |     |     |     |     |  2  |     |
|     |     |     |     |     |     |     |     | 16  |  6  |
|     |     |  0  |     |     |     |     |     |     |     |
|     |     |     |     |     | 10  |     |     |     |     |
|     |     | 17  |     |     |  4  |     |     |     | 14  |
|     |     |     |     |  3  |     | 18  |     |     |     |
|  7  |     |     |     |     |     |     |     |     |  9  |


Epoch: 1

|     |     |     |     |     |     |     |     |     |     |
|     |  7  | 11  |     |     |     |     |     |     |     |
|     |     |     |     |     |     |     |     |     |     |
|     |     |  8  |     |     |     |     |     |     |     |
|     |     |     |     | 19  |     |  9  |     | 10  |     |
|     |     |     |     |     |     |     |     |     | 18  |
|     |     |     |     |     | 12  |     |     |     |  2  |
|     |     |     |     |     |  4  |     |     |     |     |
|     |     |  1  |     |     |     |     |     |     |     |
|     |     | 16  |     |     |     |     |     |     |     |


Epoch: 2

|     |     |     |     |     |     |     |     |     | 15  |
| 11  |     |     |     |     |     |  8  |  5  |     |     |
|     |     | 18  | 13  |     |     |     |     |     |  3  |
|     |     |     |     |     |     |     |     |     |     |
|  2  |     |     |     |     |     | 19  |     |     |     |
|     |     |     |     |     |     |  4  |     |  7  |     |
|     |     |     |     |     | 12  |     |  6  | 10  |     |
|     |     |     |     |     |     |     |     |     |     |
| 16  |     |     |     |     |     |     |     |     |     |
|     |     |  0  |     |     |     |     |     |     |     |


Epoch: 3

|     |     |     |     |     |     |     |     |     | 12  |
|     |     |     |     |     |     |  1  | 19  |     |     |
|     |  8  |     |     |     |     |     |     |     |     |
|     |     | 15  |  6  |     |     |     |     |     |     |
|     |     | 14  | 11  |     |     | 16  |  4  |     |     |
|     |     | 17  |     |     |     |     |     |     |     |
|     |     |     |     |     |     |     |  5  |     |     |
|     |     |  9  |     |     | 18  |     |     |     |     |
| 10  |     |     |     |     |     |     |     |     |     |
|     |     |     |  0  |     |     |     |     |     |     |


Epoch: 4

|     |     |     |     |     |     |     |     |     |     |
| 10  |     |     |     |     |  2  | 14  |     |     |     |
| 19  |     |     |     |     |     |     |     |     |     |
|     |     |     |     |     |     |     |  5  |     |     |
|  9  |     |     |     |     |     |     |     |     |     |
|     |     | 11  |     |     |     |     |     |     |     |
|     |     |  7  |     |     | 16  |     |     |     |     |
|     |     |  8  | 18  |  6  |  0  |     |     |  3  |     |
|     |     |     |     |     | 17  |     |     | 12  |     |
|     |     |     |     |     |     |     |     |     |     |


Epoch: 5

|     |  2  |     |     |     |     |     |     |     |     |
|     |     |     |     |     |     |     |     |     |     |
|  7  |     |     |     |     |     |     |     |     |     |
|     |     | 16  |     |     |     |     |     | 14  |     |
|     |     |     |     |  8  |     |     |     |     |     |
|     |     |     |     |     | 13  |     |     |     |     |
|  4  |     |     |     |     |     | 18  |     |     |     |
|     | 17  |     |     |     |     |  9  | 10  |     |  1  |
|     |     |     |     |     |     |     |     | 15  | 19  |
|     |     |     |     |  6  |     | 12  |     |     |     |


Epoch: 6

|     |     |     |     |     |     |     |     |     |     |
|     |     |     |  0  |     |  5  |     |     |     |     |
|     |     |     |     |     |     |     | 11  |     |     |
|     | 16  |     |     | 13  |     |     | 17  |     |     |
|     |     |     |  7  |     |     |     |     |     |     |
|     |     |     |     |  9  |     |     |     |     |     |
|     |     |     |     | 19  |     |     |     |  4  |     |
|     |     | 15  |     |     |  6  |     |     |  8  |     |
|     |     |     |     |     |     |     |     |     | 10  |
|     |     |     |     |     | 12  |     |  3  |     |     |


Epoch: 7

|     |     |     |     |  8  |     |     |  1  |     |     |
|     |     |     |     |     |     |  4  |     |     |     |
|     |     | 10  |     |     |     |     |     |     |     |
|     |     |     |     |     |     |     |     |     |     |
|     |     |     |     |     |     | 17  |     |     |     |
|     |     |     |  0  |     |     |     |     |     |     |
|     |     |     |     |     |     | 18  |     | 15  |     |
|     |     |     |     |  7  |     |     |     |     |     |
|     |     |     | 11  |     |     | 12  | 16  |     |     |
|     |     |     | 13  |     |     |     |     |     |     |


Epoch: 8

|     | 17  | 14  |     |     |     |     |     |     |     |
|     |     |     |     |     |     |     |     |     |     |
|     |     |     |     |     |     |     |     |     |     |
|     |     | 13  |     |     |     |     |     |     |     |
|     |     |     |     |     |     |  0  |     |     |     |
|     | 12  |     | 18  |     |     |     |     |     |     |
|     |     |     |     |  4  |     |     |  9  |     |     |
|     |     |     |     |     |     |     |     |     | 15  |
|     |     |     |     | 16  |     |     |     |     | 11  |
| 19  |     |     |     |  2  |  6  |     |     |     |     |


Epoch: 9

|     |     |  7  |     |     |     |  6  |     |  2  |     |
|     |     |     |     |     | 11  |     |     |     |     |
|     |     |     |     |     |     |     |     | 15  |     |
|     |     |     |     |     |     |     |     |     |     |
|     |     |     |     |     |     |     |     |     |     |
|     |     |     |     |     | 17  |     |     |     |     |
|     |     |     |     |     |     |     |     |     |  3  |
|     |     |     |     |     |     |  4  |     |     |     |
|     |     | 12  |     |     |     |     |     |     |     |
|     | 14  |     |     |     |     |     |     |     |     |


